uint32_t Wave_LUT[128] = {
    3700, 2609, 1521, 554, 284, 0, 229, 514, 572, 572, 573, 725, 994, 1213, 1356, 
    1406, 1356, 1213, 994, 724, 572, 571, 571, 571, 571, 571, 614, 655, 614, 572, 
    571, 571, 571, 571, 571, 571, 572, 572, 572, 572, 740, 983, 1099, 1098, 935, 
    636, 572, 572, 571, 582, 1621, 2708, 3796, 3884, 2802, 1716, 637, 342, 58, 176, 
    458, 571, 570, 569, 673, 948, 1179, 1338, 1405, 1373, 1245, 1037, 774, 570, 571, 
    571, 571, 571, 571, 600, 653, 625, 571, 571, 571, 571, 571, 572, 571, 571, 
    571, 570, 570, 687, 947, 1088, 1112, 975, 698, 569, 569, 569, 564, 1423, 2512, 
    3602, 4095, 3005, 1917, 824, 392, 109, 123, 407, 569, 571, 572, 618, 900, 1141, 
    1314, 1399, 1385, 1275, 1081, 826, 570, 571
};
