uint32_t Wave_LUT[128] = {
    0, 897, 2419, 3364, 2875, 1617, 773, 751, 1172, 1509, 1538, 1387, 1327, 1519, 1881, 
    2205, 2341, 2264, 2035, 1783, 1651, 1704, 1810, 1761, 1569, 1417, 1368, 1403, 1498, 1596, 
    1662, 1703, 1690, 1596, 1508, 1572, 1728, 1722, 1521, 1378, 1448, 1646, 1834, 1937, 1938, 
    1863, 1754, 1613, 1474, 1436, 1554, 1860, 2445, 3245, 3908, 4005, 3379, 2348, 1468, 1044, 
    1000, 1153, 1363, 1530, 1607, 1644, 1753, 1954, 2147, 2259, 2290, 2233, 2082, 1880, 1678, 
    1499, 1428, 1530, 1671, 1676, 1534, 1358, 1308, 1441, 1608, 1646, 1554, 1451, 1471, 1609, 
    1656, 1487, 1293, 1334, 1598, 1852, 1937, 1898, 1827, 1711, 1538, 1394, 1360, 1444, 1688, 
    2212, 3013, 3791, 4095, 3668, 2687, 1643, 962, 782, 1043, 1512, 1799, 1693, 1420, 1384, 
    1698, 2049, 2130, 2013, 1902, 1847, 1809, 1749
};
