uint32_t Wave_LUT[128] = {
    3481, 2271, 1646, 719, 367, 0, 565, 611, 747, 587, 443, 921, 1106, 1547, 1595, 
    1694, 1301, 1151, 909, 1043, 1379, 975, 684, 1011, 627, 576, 1045, 788, 979, 1167, 
    974, 1085, 587, 1045, 1346, 1035, 628, 901, 849, 1031, 1183, 1391, 1342, 1301, 1172, 
    1217, 631, 964, 1065, 897, 1995, 2798, 3540, 3838, 2855, 1927, 972, 885, 274, 666, 
    878, 905, 1221, 949, 1294, 1616, 1588, 1812, 1945, 1780, 1802, 1274, 1531, 948, 786, 
    1430, 1147, 1253, 1096, 993, 633, 1350, 1127, 1148, 1272, 913, 1054, 1431, 1325, 954, 
    774, 1102, 1261, 1507, 1559, 1437, 1745, 1339, 1152, 1108, 996, 1189, 1062, 1903, 2778, 
    3700, 4095, 3533, 2503, 1483, 820, 554, 500, 1647, 1459, 1319, 1076, 1081, 1655, 2059, 
    1555, 1874, 1936, 1464, 1867, 1405, 1654, 1197
};
